.733 1.062
.611 .593
1.424 .720
.502 1.120
1.034 1.297
.810 .704
1.365 1.251
1.384 1.375
.611 .970
.642 1.036
.804 1.105
.680 1.078
.824 1.880
1.371 2.197
1.402 1.805
.556 2.163
.718 1.919
1.322 2.182
.767 1.949
1.453 1.728
1.201 2.221
.660 2.142
.659 1.657
.792 1.894
2.244 .928
2.488 1.087
2.454 .848
2.308 1.013
1.645 1.157
2.353 1.032
1.885 1.078
1.518 1.141
2.339 .588
2.135 1.227
2.367 .719
2.213 1.365
2.116 2.235
2.304 1.537
1.758 1.577
2.231 1.726
1.679 2.400
1.635 2.047
2.165 1.691
2.325 2.389
2.177 2.350
2.486 2.014
1.704 2.084
1.571 2.300
