1.089 .923
2.085 .625
3.173 1.041
4.345 1.375
5.109 1.291
1.434 1.775
2.400 2.050
2.505 2.262
4.105 1.954
5.066 1.514
1.299 2.840
2.118 3.250
3.006 2.731
3.759 3.017
5.056 3.397
1.251 3.935
2.123 4.139
3.262 3.545
3.953 4.437
4.747 4.360
.644 5.366
1.513 5.278
3.432 4.872
4.400 5.158
4.997 4.739
.802 1.493
2.344 1.261
3.145 .911
3.874 1.212
5.237 .812
1.243 2.444
2.057 2.354
3.071 2.076
3.883 2.181
4.808 1.670
.827 3.232
1.988 2.774
2.704 3.380
3.799 2.655
4.835 3.475
.647 4.287
2.061 3.511
2.559 3.728
4.482 3.587
4.822 3.525
1.157 5.294
1.851 4.522
3.301 5.359
3.968 5.042
5.274 5.039
1.313 .545
2.476 1.413
3.312 .733
4.223 1.386
4.546 1.110
1.112 2.341
2.209 1.620
3.189 1.945
4.422 2.292
5.046 1.844
.633 3.235
2.165 2.510
2.957 2.825
3.701 3.030
4.676 3.055
.914 4.100
2.059 4.398
3.187 3.761
3.757 4.419
4.545 4.422
.600 4.839
2.083 4.767
3.227 4.513
4.279 4.928
4.907 4.591
1.276 .698
1.532 1.459
2.571 1.248
3.886 .778
4.662 1.253
.585 1.515
2.076 2.131
2.716 2.163
3.588 1.857
5.259 1.846
1.479 3.288
2.153 3.432
3.305 2.646
4.274 2.748
5.095 2.923
1.222 3.636
1.827 3.891
3.345 3.927
4.152 3.992
4.733 3.513
1.413 4.831
2.276 4.713
3.267 5.185
3.978 4.619
5.274 4.841
1.067 1.423
1.717 .917
2.700 1.449
3.557 1.414
5.355 1.417
1.022 2.362
2.187 2.496
3.369 2.298
4.114 1.635
5.067 1.990
.782 2.529
1.976 3.449
2.797 3.097
3.853 3.427
4.789 3.100
1.157 3.633
2.124 4.471
3.370 4.306
3.748 3.969
5.230 3.681
.615 5.368
1.628 5.243
2.506 4.830
3.622 4.716
5.437 5.116
1.038 1.083
2.279 .568
2.804 .906
4.126 1.249
4.798 1.049
.656 2.216
2.145 1.830
2.796 1.958
3.764 2.150
4.986 2.312
.544 3.267
2.497 2.524
3.201 2.865
4.393 3.212
5.306 3.081
1.302 4.233
1.848 3.620
2.644 4.117
3.686 4.297
5.237 4.260
1.159 5.178
2.104 5.052
3.244 5.186
4.349 5.264
5.254 4.745
1.486 1.113
2.195 .675
2.704 .911
4.057 .641
4.978 .905
1.021 2.389
1.532 2.272
3.019 2.048
3.674 1.928
4.998 1.917
1.301 2.523
2.454 3.279
3.023 2.675
3.609 3.036
5.456 3.488
.517 3.638
2.129 4.419
3.401 4.394
3.715 4.458
4.993 3.667
1.022 5.348
2.411 4.800
2.657 4.645
3.549 4.579
4.762 4.760
1.082 .734
1.975 1.226
3.100 1.113
3.888 .818
4.699 .998
1.050 1.782
1.642 2.157
2.795 1.979
3.622 1.575
5.241 2.081
1.183 2.501
2.030 3.410
2.659 3.029
3.602 3.427
4.767 3.224
.994 3.868
1.913 3.965
2.888 4.368
3.546 4.195
5.255 4.147
1.351 4.590
1.549 4.725
2.945 5.071
3.547 5.069
5.214 4.876
