//       1,1    2,1    3,1
//ENB =  1,2    2,2    3,2
//       1,3    2,3    3,3
//
// UE = 0.5 1
// one node per line
// list of UE position, from top left to bottom right
// they'll attach to the nearest ENB
.724 1.075
.792 1.497
.985 1.059
1.297 .675
.994 1.623
1.291 2.340
.835 1.640
.722 1.537
.788 3.280
.829 3.166
.727 2.858
1.492 3.172
1.948 .920
1.813 .936
1.970 .972
2.330 1.247
1.609 1.999
2.191 1.997
2.471 2.499
2.059 2.258
2.448 2.889
2.261 3.106
1.603 2.904
2.213 2.972
2.588 .792
3.130 1.442
2.696 .840
2.778 1.474
2.902 2.179
2.619 1.760
3.348 1.549
3.291 1.969
3.326 3.383
3.412 2.509
2.768 2.906
2.713 2.700
